
U_in = 48;
U_out = 12;
frequency = 1500;
R = 2.4;

L = 0.006;
C = 0.000104;
I_out = 5;